# Runtime solver parameters moved out of code.

E_eff = 1.0e-19
dt = 0.0  # <= 0 keeps adaptive time-step selection
dt_min = 1.0e-16
dt_max = 1.0e-11
p_target = 0.1  # target scattering fraction used in dt selection
max_steps = 50000
ET_table_T_min = 344
ET_table_T_max = 356
ET_table_nT = 2001

[output]
every_n_steps = 2000

[reservoir]
refresh_every_n_steps = 2000
refresh_at_step1 = true

[scattering]
BL = 2.592103454329e-23
BTN = 4.302921354824e-12
BTU = 1.005686925931e-19
tau_LTO_ps = 3.5
A_imp = 1.080096219296e-47
PB_Tsi = 4.059084924576e-06
PB_bulk_L = 7.16e-3
PB_bulk_F = 0.68
PB_Delta = 1.041257005225e-12
