# Runtime solver parameters moved out of code.

E_eff = 5.0e-19
dt = 0.0  # <= 0 keeps adaptive time-step selection
dt_min = 1.0e-16
dt_max = 1.0e-11
p_target = 0.1  # target scattering fraction used in dt selection
max_steps = 40000
ET_table_T_min = 279.0
ET_table_T_max = 321.0
ET_table_nT = 2001
Tloc_table_T_min = 279.0
Tloc_table_T_max = 321.0
Tloc_table_nT = 2001

[output]
every_n_steps = 2000

[reservoir]
refresh_every_n_steps = 2000
refresh_at_step1 = true

[scattering]
BL = 3.000000000000e-22
A_imp = 1.000000000000e-46
B_imp = 3.000000000000e-22
C_imp = 1.000000000000e+09
BTN = 1.007613738034e-12
BTU = 4.999999999728e-15
tau_LTO_ps = 3.5
PB_Tsi = 0
PB_bulk_L = 0
PB_bulk_F = 0
PB_Delta = 1.041257005225e-12
